1.0 0.0 0.0 0.0 0.0 1.0 0.0 0.0 0.0 0.0 1.0 0.0 0.0 0.0 0.0 1.0
0.9999264614977471100 0.009825491197730702037 -0.007108538479728174903 0.3715435109048320639 -0.009880470510047745930 0.9999212240157265841 -0.007740934400394200096 0.4526553706902287089 0.007031920014799405289 0.007810600848490851372 0.9999447717825675763 0.005904202105984101591 0.0  0.0  0.0  1.0
0.9989548158076677620 0.02009530249099472643 -0.04105429079236629086 0.2158339262651561563 -0.04073039123448898152 -0.01627063222855262836 -0.9990376878560532914 0.5047660857634370668 -0.02074394380425800474 0.9996656667829894038 -0.01543513688851438914 0.8604010060164583029 0.0 0.0 0.0 1.0
0.9998146836417298733 0.01889657913132883338 -0.003676638617149092549 -0.2716401186638531251 -0.003479031855689701871 -0.01047953383437150165 -0.9999390359956757957 0.5193601273390475725 -0.01893395657898213139 0.9997665220779038409 -0.01041185000456334997 0.6929348792771756749 0.0 0.0 0.0 1.0
0.9996302626036319694 0.02703703913021234667 -0.002887317451364146068 -0.6383657324742059158 -0.002678293198522798887 -0.007764057854288075600 -0.9999662725068170221 0.5256625096229720073 -0.02705854453839548479 0.9996042806634566347 -0.007688774073741189152 0.4178274310367020017 0.0 0.0 0.0 1.0
0.9971049326310557070 0.06765702091656272676 -0.03470274979758482259 -0.05571765282270267627 -0.03378705678627089148 -0.01463230416514399446 -0.9993219353484340539 0.5174228119910164736 -0.06811892627265410394 0.9976013348003872627 -0.01230401105112527427 0.2633767358432999584 0.0 0.0 0.0 1.0
0.9999444273461230992 0.007349480831548091918 0.007558263751710389208 -0.4588389988190530455 -0.007215853943535158362 0.9998198179105345362 -0.01755742478870484999 0.2528697958674566149 -0.007685939844890809364 0.01750190974871504088 0.9998172880500958426 0.06905231693760487122 0.0 0.0 0.0 1.0

