-0.981309 -0.158222 0.109536 1.709128 -0.164232 0.985245 -0.048157 -0.007232 -0.1003 -0.065247 -0.992816 0.717304 0 0 0 1
-0.977519 -0.190882 0.089562 1.757382 -0.193735 0.980755 -0.024236 0.048944 -0.083212 -0.041042 -0.995686 0.717207 0 0 0 1
-0.968497 -0.225014 0.106685 1.779701 -0.202453 0.960916 0.188821 -0.176402 -0.145003 0.161274 -0.976199 0.717091 0 0 0 1
-0.96486 -0.249592 0.082156 1.755948 -0.22195 0.941492 0.253635 -0.157018 -0.140654 0.226488 -0.963805 0.698767 0 0 0 1
-0.981474 -0.177831 0.071316 1.773972 -0.149119 0.942701 0.298459 -0.219183 -0.120304 0.282295 -0.951754 0.629618 0 0 0 1
-0.980527 -0.195261 0.020969 1.78933 -0.17463 0.915775 0.361746 -0.272634 -0.089838 0.35104 -0.932041 0.643225 0 0 0 1
-0.976994 -0.209876 -0.03789 1.818085 -0.209241 0.908921 0.360667 -0.219211 -0.041256 0.360297 -0.931925 0.66119 0 0 0 1
-0.97713 -0.208605 -0.041252 1.863127 -0.208549 0.902216 0.37751 -0.314177 -0.041532 0.377479 -0.925086 0.652015 0 0 0 1
-0.959011 -0.265596 -0.098774 1.883348 -0.282478 0.868421 0.407495 -0.292718 -0.022451 0.418694 -0.90785 0.667259 0 0 0 1
-0.978561 -0.203258 0.033245 1.79611 -0.184744 0.937605 0.294563 -0.259869 -0.091043 0.282106 -0.955054 0.667538 0 0 0 1
-0.962586 -0.259518 0.077959 1.754623 -0.2223 0.920805 0.32047 -0.259889 -0.154953 0.29115 -0.944045 0.694786 0 0 0 1
-0.980853 -0.186219 0.057004 1.773259 -0.164491 0.948873 0.269413 -0.216135 -0.104259 0.254878 -0.961336 0.641382 0 0 0 1
-0.989436 -0.129133 0.065884 1.800455 -0.108641 0.961401 0.252797 -0.192932 -0.095985 0.242969 -0.965274 0.62765 0 0 0 1
-0.977739 0.169942 0.123067 1.749446 0.196273 0.948117 0.250103 -0.2222 -0.074179 0.26869 -0.960366 0.627745 0 0 0 1
-0.930431 0.339259 0.138569 1.736259 0.363183 0.904143 0.224999 -0.20278 -0.048954 0.259672 -0.964455 0.627773 0 0 0 1
-0.914301 0.384444 0.127499 1.727974 0.404909 0.875404 0.264038 -0.183922 -0.010106 0.293036 -0.956048 0.635097 0 0 0 1
-0.86685 0.472348 0.159556 1.724146 0.49834 0.830579 0.248589 -0.182856 -0.015104 0.295002 -0.955377 0.635092 0 0 0 1
-0.88284 0.453686 0.121499 1.737891 0.466951 0.820034 0.330909 -0.246109 0.050496 0.348874 -0.935808 0.610916 0 0 0 1
-0.859219 0.494668 0.130563 1.744161 0.506074 0.784346 0.358734 -0.248122 0.075047 0.374305 -0.924264 0.632289 0 0 0 1
-0.915712 0.39897 0.047906 1.774894 0.38498 0.836877 0.389136 -0.258175 0.115162 0.374779 -0.919934 0.61276 0 0 0 1
-0.966196 0.242034 0.088795 1.743757 0.257107 0.879229 0.401064 -0.271597 0.019 0.410336 -0.911736 0.604 0 0 0 1
-0.996546 0.077598 -0.029556 1.824382 0.059555 0.915966 0.396813 -0.249882 0.057865 0.393682 -0.917424 0.6107 0 0 0 1
-0.996201 0.083171 0.025806 1.825933 0.086051 0.894715 0.438269 -0.346601 0.013362 0.438824 -0.898473 0.569666 0 0 0 1
-0.991386 0.051448 0.120448 1.776547 0.063375 0.993227 0.097385 -0.114603 -0.114622 0.104179 -0.987931 0.674157 0 0 0 1
-0.989729 0.050273 0.133826 1.765022 0.047026 0.99852 -0.027316 -0.03509 -0.135002 -0.020742 -0.990628 0.662135 0 0 0 1
-0.986042 -0.008649 0.166271 1.734748 -0.017299 0.998567 -0.050645 -0.048558 -0.165594 -0.052815 -0.984779 0.668688 0 0 0 1
-0.974773 0.135418 0.177425 1.72886 0.123497 0.989381 -0.076642 -0.004602 -0.18592 -0.052797 -0.981145 0.655354 0 0 0 1
-0.963068 0.171118 0.207893 1.668176 0.163484 0.985094 -0.053497 -0.028414 -0.213949 -0.017534 -0.976688 0.586047 0 0 0 1
-0.95778 0.13111 0.255867 1.668091 0.103302 0.987469 -0.119304 0.009527 -0.268303 -0.087835 -0.959322 0.586021 0 0 0 1
-0.954023 0.162572 0.251816 1.668051 0.107574 0.969868 -0.218593 0.051751 -0.279765 -0.181454 -0.942765 0.582737 0 0 0 1
-0.946902 0.193668 0.256649 1.695287 0.105066 0.940794 -0.322285 0.060263 -0.30387 -0.278208 -0.911188 0.562102 0 0 0 1
-0.959028 0.207012 0.193421 1.716646 0.148482 0.948698 -0.279149 0.045065 -0.241285 -0.238992 -0.940566 0.612775 0 0 0 1
-0.916655 0.374356 0.140003 1.707696 0.31865 0.895958 -0.309388 0.063394 -0.241258 -0.238991 -0.940573 0.66163 0 0 0 1
-0.982191 0.149404 0.113922 1.752866 0.117676 0.96187 -0.246899 0.076355 -0.146466 -0.229096 -0.962322 0.661572 0 0 0 1
-0.988582 0.113178 0.099478 1.78349 0.089784 0.972625 -0.214333 0.059557 -0.121012 -0.202954 -0.971682 0.651616 0 0 0 1
-0.996209 0.073099 0.047165 1.792212 0.063442 0.981425 -0.181055 -0.033872 -0.059524 -0.177376 -0.982341 0.673936 0 0 0 1
-0.99848 0.015889 -0.052774 1.830508 0.022915 0.990536 -0.135324 -0.025278 0.050125 -0.136327 -0.989395 0.663592 0 0 0 1
-0.994836 -0.042358 -0.092233 1.870712 -0.029361 0.990001 -0.137967 -0.021472 0.097155 -0.134547 -0.986133 0.687979 0 0 0 1
-0.976814 -0.208721 -0.047645 1.895893 -0.199449 0.968077 -0.151814 0.003368 0.077811 -0.138791 -0.98726 0.707011 0 0 0 1
-0.96093 -0.257846 -0.100646 1.895949 -0.245472 0.961877 -0.120566 0.022151 0.127897 -0.09115 -0.98759 0.719614 0 0 0 1
-0.960635 -0.258246 -0.102419 1.895954 -0.255002 0.965947 -0.043821 -0.032997 0.110248 -0.015979 -0.993776 0.707936 0 0 0 1
-0.95831 -0.168819 -0.230527 1.973942 -0.175698 0.984398 0.00949 0.005004 0.225328 0.049598 -0.97302 0.667985 0 0 0 1
-0.948543 -0.176128 -0.263146 1.969635 -0.131069 0.974886 -0.180053 0.02695 0.28825 -0.136297 -0.947805 0.667429 0 0 0 1
-0.912977 -0.189701 -0.361228 2.026431 -0.138869 0.976958 -0.162075 0.026922 0.383651 -0.097807 -0.918284 0.627277 0 0 0 1
-0.917706 -0.0844 -0.388191 2.048059 -0.057271 0.995071 -0.080955 0.031694 0.39311 -0.052061 -0.918016 0.627227 0 0 0 1
-0.848569 -0.129887 -0.512894 2.133548 -0.090497 0.990744 -0.101174 0.010486 0.521288 -0.039438 -0.852469 0.623708 0 0 0 1
-0.826797 -0.155095 -0.540696 2.146383 -0.135227 0.987851 -0.076578 -0.059362 0.546004 0.009802 -0.837726 0.644371 0 0 0 1
-0.915416 -0.175486 -0.36224 2.003816 -0.154578 0.984216 -0.086167 -0.037619 0.371644 -0.022885 -0.928093 0.628822 0 0 0 1
-0.936112 -0.144486 -0.320654 1.996771 -0.143116 0.989311 -0.027969 -0.059472 0.321267 0.019708 -0.946783 0.612459 0 0 0 1
-0.970122 -0.150383 -0.190388 1.895464 -0.152748 0.988263 -0.002278 -0.062764 0.188496 0.026871 -0.981706 0.596895 0 0 0 1