-0.929366 0.040024 0.366983 1588.738 0.138422 0.959356 0.245917 -245.6235 -0.342224 0.279345 -0.897134 717.3629 0 0 0 1

-0.865789 0.365475 0.341814 1553.967 0.445951 0.873401 0.1957 -204.2985 -0.227017 0.321867 -0.919165 688.5995 0 0 0 1

-0.926142 0.351025 0.137992 1732.541 0.372089 0.910186 0.181967 -181.4469 -0.061723 0.219872 -0.973574 782.3497 0 0 0 1

-0.638447 0.764911 0.085427 1682.156 0.757611 0.604995 0.244963 -248.0723 0.135691 0.221116 -0.965762 750.78 0 0 0 1

-0.59013 0.783393 0.195043 1653.423 0.796639 0.525933 0.297927 -282.2154 0.130814 0.331194 -0.934451 806.4535 0 0 0 1

-0.747981 0.642933 0.16481 1636.254 0.661664 0.702778 0.26135 -267.7794 0.052206 0.304533 -0.95107 802.3861 0 0 0 1

-0.351293 0.928141 0.123072 1620.078 0.911379 0.308882 0.271994 -253.0024 0.214434 0.207715 -0.954396 771.9279 0 0 0 1

-0.304039 0.940589 0.151168 1582.459 0.943136 0.274805 0.187022 -176.0302 0.134369 0.199434 -0.970655 753.2762 0 0 0 1

-0.226584 0.940137 0.254562 1566.572 0.963038 0.177162 0.202908 -152.2069 0.145662 0.291129 -0.94553 738.4127 0 0 0 1

-0.068546 0.956527 0.283473 1553.576 0.974483 0.003319 0.224437 -138.4373 0.21374 0.291624 -0.932347 721.8898 0 0 0 1

0.026665 0.970251 0.240627 1566.031 0.960603 -0.091485 0.262437 -125.2103 0.276643 0.224149 -0.934466 710.3915 0 0 0 1

0.116484 0.947042 0.299236 1625.235 0.971171 -0.171701 0.165363 -110.8895 0.207985 0.271347 -0.939741 714.2562 0 0 0 1

0.199962 0.949064 0.2435 1581.79 0.957983 -0.241531 0.154697 -123.0546 0.20563 0.202336 -0.957484 714.3115 0 0 0 1

0.166271 0.939719 0.298802 1565.012 0.960553 -0.222853 0.166357 -130.5582 0.222918 0.259355 -0.939704 714.7991 0 0 0 1

0.325686 0.892492 0.31207 1563.309 0.895054 -0.397388 0.202387 -97.88881 0.304641 0.213405 -0.928252 682.1345 0 0 0 1

0.239042 0.940061 0.243194 1542.786 0.923534 -0.297464 0.242074 -97.43504 0.299906 0.166732 -0.939285 659.3091 0 0 0 1

0.178337 0.959931 0.216165 1513.309 0.976372 -0.199884 0.082121 -29.29312 0.122039 0.196413 -0.972897 733.7106 0 0 0 1

0.618566 0.743681 0.253605 1573.62 0.777648 -0.625619 -0.062168 103.5455 0.112427 0.23567 -0.965308 760.7499 0 0 0 1

0.749296 0.599447 0.281458 1568.511 0.640937 -0.76336 -0.080501 117.221 0.166597 0.240716 -0.956191 791.4314 0 0 0 1

0.584434 0.740433 0.331958 1558.41 0.797224 -0.600192 -0.064836 93.18645 0.151232 0.302537 -0.941063 810.704 0 0 0 1

0.702993 0.604452 0.374753 1549.446 0.665697 -0.744701 -0.047616 54.82414 0.250297 0.282946 -0.925901 786.2975 0 0 0 1

0.524277 0.792844 0.310697 1587.043 0.834444 -0.551089 -0.001778 57.7027 0.169812 0.260192 -0.950507 782.8947 0 0 0 1

0.731892 0.602243 0.318807 1561.131 0.626899 -0.778468 0.031383 74.82209 0.267081 0.176891 -0.9473 778.8563 0 0 0 1

0.653514 0.705808 0.273413 1607.137 0.728173 -0.684845 0.027424 46.00892 0.206602 0.181169 -0.961506 775.4755 0 0 0 1

0.44883 0.871586 0.197204 1627.516 0.874126 -0.474056 0.105711 -7.741177 0.185622 0.124935 -0.974646 801.5254 0 0 0 1

0.779814 0.588612 0.213133 1658.152 0.57111 -0.80835 0.142843 -31.31927 0.256365 0.010331 -0.966525 804.7043 0 0 0 1

0.883339 0.413796 0.220191 1681.301 0.384082 -0.90825 0.16602 -11.94188 0.268687 -0.06208 -0.961225 759.5922 0 0 0 1

0.951038 0.275208 0.140669 1717.696 0.248062 -0.951156 0.18376 -63.91672 0.18437 -0.139868 -0.972854 755.1572 0 0 0 1

0.732267 0.629802 0.259105 1716.092 0.633454 -0.769591 0.080401 -41.56534 0.250041 0.105256 -0.962497 739.3238 0 0 0 1

0.951618 -0.076271 0.297666 1685.242 -0.11549 -0.986459 0.116454 -111.2298 0.284753 -0.145197 -0.947541 703.3683 0 0 0 1

0.108965 -0.930972 0.348451 1672.546 -0.990122 -0.070534 0.121176 -107.3052 -0.088234 -0.358213 -0.929461 703.6479 0 0 0 1