
-0.0483409 -0.962507 -0.266913 0.081986 -0.923781 0.144709 -0.354525 0.0691753 0.379858 0.229431 -0.896141 0.482791 0 0 0 1

-0.373836 -0.873917 -0.310669 0.0721537 -0.859544 0.452281 -0.237963 -0.00545027 0.34847 0.178074 -0.920249 0.461922 0 0 0 1

-0.356739 -0.90978 -0.212221 0.118147 -0.921987 0.379487 -0.077 0.044338 0.150588 0.168197 -0.974183 0.50897 0 0 0 1

-0.770601 -0.604612 -0.201539 0.0341359 -0.632356 0.764749 0.123636 -0.0293608 0.0793753 0.222718 -0.971646 0.496886 0 0 0 1 

-0.787068 -0.524098 -0.325338 0.0886955 -0.583799 0.803216 0.118416 -0.0136421 0.199255 0.283134 -0.938154 0.561677 0 0 0 1
 
-0.6491 -0.702132 -0.29271 0.0571857 -0.742122 0.669015 0.0409084 -0.0225496 0.167104 0.24378 -0.955326 0.558523 0 0 0 1

-0.932276 -0.307523 -0.190502 -0.00726386 -0.343918 0.916758 0.203163 -0.055035 0.112167 0.254921 -0.960434 0.524029 0 0 0 1

-0.94576 -0.272148 -0.177406 -0.0275373 -0.296353 0.946469 0.127952 -0.0731039 0.133087 0.173587 -0.975784 0.499167 0 0 0 1 

-0.942905 -0.172781 -0.284741 0.0202099 -0.21883 0.965877 0.138546 -0.0887982 0.251086 0.192946 -0.94854 0.489713 0 0 0 1 

-0.957609 0.00146474 -0.288068 0.00525204 -0.0613811 0.975986 0.209008 -0.108607 0.281457 0.21783 -0.934522 0.472646 0 0 0 1 

-0.97061 0.0961518 -0.220614 -0.0281986 0.0312447 0.959305 0.280637 -0.134951 0.23862 0.265496 -0.934116 0.444205 0 0 0 1 

-0.945426 0.176222 -0.274071 0.0592718 0.123981 0.972418 0.197565 -0.0982541 0.301327 0.152803 -0.941198 0.448217 0 0 0 1 

-0.949742 0.245563 -0.194136 -0.0208437 0.209506 0.959436 0.188654 -0.0640471 0.232588 0.1385 -0.962663 0.463074 0 0 0 1 

-0.93989 0.227377 -0.254768 0.000417114 0.176519 0.962174 0.207512 -0.0707222 0.292314 0.150067 -0.944475 0.470511 0 0 0 1 

-0.89163 0.401313 -0.209627 -0.0368297 0.331497 0.893992 0.301476 -0.105156 0.308391 0.199315 -0.930144 0.427151 0 0 0 1 

-0.940931 0.301184 -0.154713 -0.0931926 0.246156 0.92221 0.298222 -0.110081 0.232498 0.242523 -0.941874 0.39778 0 0 0 1 

-0.96263 0.20561 -0.176263 -0.107326 0.187417 0.975588 0.114469 -0.100057 0.195496 0.0771563 -0.977665 0.488118 0 0 0 1 

-0.741409 0.631234 -0.227721 -0.0991163 0.623531 0.773456 0.113911 -0.105093 0.248037 -0.0575365 -0.96704 0.527108 0 0 0 1 

-0.595036 0.768168 -0.236327 -0.105109 0.753481 0.635505 0.16852 -0.0926683 0.279639 -0.0777926 -0.956949 0.563518 0 0 0 1 

-0.734544 0.605452 -0.306388 -0.0405983 0.589727 0.792954 0.153121 -0.131397 0.335659 -0.0682113 -0.939511 0.581119 0 0 0 1 

-0.597792 0.748364 -0.287394 -0.0396145 0.707964 0.661019 0.248677 -0.108205 0.376074 -0.0548077 -0.924967 0.556209 0 0 0 1 

-0.78769 0.556166 -0.264997 -0.0349576 0.528525 0.831063 0.173193 -0.145793 0.316553 -0.0036352 -0.948568 0.533112 0 0 0 1 

-0.59902 0.782204 -0.171263 -0.124936 0.732125 0.621643 0.278485 -0.124553 0.324296 0.0414323 -0.945048 0.527084 0 0 0 1 

-0.701443 0.689249 -0.181421 -0.0739811 0.656112 0.723877 0.213354 -0.130148 0.27838 0.0306234 -0.959983 0.51509 0 0 0 1 

-0.869057 0.478863 -0.124218 -0.05607 0.452001 0.87065 0.194071 -0.141458 0.201084 0.112513 -0.973091 0.523728 0 0 0 1 

-0.585697 0.810493 -0.00775211 -0.0937975 0.780993 0.566886 0.26209 -0.118318 0.216816 0.147451 -0.965012 0.517322 0 0 0 1 

-0.413457 0.907664 0.0721132 -0.136807 0.880638 0.378505 0.284976 -0.113226 0.231368 0.181331 -0.955818 0.457063 0 0 0 1 

-0.272461 0.950125 0.151746 -0.118775 0.952048 0.24341 0.185355 -0.0599028 0.139174 0.194971 -0.970885 0.458679 0 0 0 1 

-0.625174 0.77266 -0.110248 0.00756257 0.735567 0.630515 0.247774 -0.145308 0.260957 0.0738072 -0.962525 0.450976 0 0 0 1 

0.0812764 0.986708 0.140721 -0.0482342 0.949457 -0.119598 0.290219 -0.0620383 0.303191 0.11002 -0.946557 0.424275 0 0 0 1 

0.923704 0.0663416 0.377318 -0.0750394 0.106198 -0.990636 -0.0858024 0.0969106 0.368093 0.119326 -0.9221 0.420074 0 0 0 1 


# w2e
# c20
