-0.929366 0.040024 0.366983 1588.738 0.138422 0.959356 0.245917 -245.6235 -0.342224 0.279345 -0.897134 717.3629 0 0 0 1
-0.0483409 -0.962507 -0.266913 0.081986 -0.923781 0.144709 -0.354525 0.0691753 0.379858 0.229431 -0.896141 0.482791 0 0 0 1
-0.865789 0.365475 0.341814 1553.967 0.445951 0.873401 0.1957 -204.2985 -0.227017 0.321867 -0.919165 688.5995 0 0 0 1
-0.373836 -0.873917 -0.310669 0.0721537 -0.859544 0.452281 -0.237963 -0.00545027 0.34847 0.178074 -0.920249 0.461922 0 0 0 1
-0.926142 0.351025 0.137992 1732.541 0.372089 0.910186 0.181967 -181.4469 -0.061723 0.219872 -0.973574 782.3497 0 0 0 1
-0.356739 -0.90978 -0.212221 0.118147 -0.921987 0.379487 -0.077 0.044338 0.150588 0.168197 -0.974183 0.50897 0 0 0 1
-0.638447 0.764911 0.085427 1682.156 0.757611 0.604995 0.244963 -248.0723 0.135691 0.221116 -0.965762 750.78 0 0 0 1
-0.356739 -0.90978 -0.212221 0.118147 -0.921987 0.379487 -0.077 0.044338 0.150588 0.168197 -0.974183 0.50897 0 0 0 1
-0.59013 0.783393 0.195043 1653.423 0.796639 0.525933 0.297927 -282.2154 0.130814 0.331194 -0.934451 806.4535 0 0 0 1
-0.787068 -0.524098 -0.325338 0.0886955 -0.583799 0.803216 0.118416 -0.0136421 0.199255 0.283134 -0.938154 0.561677 0 0 0 1
-0.747981 0.642933 0.16481 1636.254 0.661664 0.702778 0.26135 -267.7794 0.052206 0.304533 -0.95107 802.3861 0 0 0 1
-0.6491 -0.702132 -0.29271 0.0571857 -0.742122 0.669015 0.0409084 -0.0225496 0.167104 0.24378 -0.955326 0.558523 0 0 0 1
-0.351293 0.928141 0.123072 1620.078 0.911379 0.308882 0.271994 -253.0024 0.214434 0.207715 -0.954396 771.9279 0 0 0 1
-0.932276 -0.307523 -0.190502 -0.00726386 -0.343918 0.916758 0.203163 -0.055035 0.112167 0.254921 -0.960434 0.524029 0 0 0 1
-0.304039 0.940589 0.151168 1582.459 0.943136 0.274805 0.187022 -176.0302 0.134369 0.199434 -0.970655 753.2762 0 0 0 1
-0.94576 -0.272148 -0.177406 -0.0275373 -0.296353 0.946469 0.127952 -0.0731039 0.133087 0.173587 -0.975784 0.499167 0 0 0 1
-0.226584 0.940137 0.254562 1566.572 0.963038 0.177162 0.202908 -152.2069 0.145662 0.291129 -0.94553 738.4127 0 0 0 1
-0.942905 -0.172781 -0.284741 0.0202099 -0.21883 0.965877 0.138546 -0.0887982 0.251086 0.192946 -0.94854 0.489713 0 0 0 1
-0.068546 0.956527 0.283473 1553.576 0.974483 0.003319 0.224437 -138.4373 0.21374 0.291624 -0.932347 721.8898 0 0 0 1
-0.957609 0.00146474 -0.288068 0.00525204 -0.0613811 0.975986 0.209008 -0.108607 0.281457 0.21783 -0.934522 0.472646 0 0 0 1
0.026665 0.970251 0.240627 1566.031 0.960603 -0.091485 0.262437 -125.2103 0.276643 0.224149 -0.934466 710.3915 0 0 0 1
-0.97061 0.0961518 -0.220614 -0.0281986 0.0312447 0.959305 0.280637 -0.134951 0.23862 0.265496 -0.934116 0.444205 0 0 0 1
0.116484 0.947042 0.299236 1625.235 0.971171 -0.171701 0.165363 -110.8895 0.207985 0.271347 -0.939741 714.2562 0 0 0 1
-0.945426 0.176222 -0.274071 0.0592718 0.123981 0.972418 0.197565 -0.0982541 0.301327 0.152803 -0.941198 0.448217 0 0 0 1
0.199962 0.949064 0.2435 1581.79 0.957983 -0.241531 0.154697 -123.0546 0.20563 0.202336 -0.957484 714.3115 0 0 0 1
-0.949742 0.245563 -0.194136 -0.0208437 0.209506 0.959436 0.188654 -0.0640471 0.232588 0.1385 -0.962663 0.463074 0 0 0 1 
0.166271 0.939719 0.298802 1565.012 0.960553 -0.222853 0.166357 -130.5582 0.222918 0.259355 -0.939704 714.7991 0 0 0 1
-0.93989 0.227377 -0.254768 0.000417114 0.176519 0.962174 0.207512 -0.0707222 0.292314 0.150067 -0.944475 0.470511 0 0 0 1 
0.325686 0.892492 0.31207 1563.309 0.895054 -0.397388 0.202387 -97.88881 0.304641 0.213405 -0.928252 682.1345 0 0 0 1
-0.89163 0.401313 -0.209627 -0.0368297 0.331497 0.893992 0.301476 -0.105156 0.308391 0.199315 -0.930144 0.427151 0 0 0 1
0.239042 0.940061 0.243194 1542.786 0.923534 -0.297464 0.242074 -97.43504 0.299906 0.166732 -0.939285 659.3091 0 0 0 1
-0.940931 0.301184 -0.154713 -0.0931926 0.246156 0.92221 0.298222 -0.110081 0.232498 0.242523 -0.941874 0.39778 0 0 0 1
0.178337 0.959931 0.216165 1513.309 0.976372 -0.199884 0.082121 -29.29312 0.122039 0.196413 -0.972897 733.7106 0 0 0 1
-0.96263 0.20561 -0.176263 -0.107326 0.187417 0.975588 0.114469 -0.100057 0.195496 0.0771563 -0.977665 0.488118 0 0 0 1 
0.618566 0.743681 0.253605 1573.62 0.777648 -0.625619 -0.062168 103.5455 0.112427 0.23567 -0.965308 760.7499 0 0 0 1
-0.741409 0.631234 -0.227721 -0.0991163 0.623531 0.773456 0.113911 -0.105093 0.248037 -0.0575365 -0.96704 0.527108 0 0 0 1
0.749296 0.599447 0.281458 1568.511 0.640937 -0.76336 -0.080501 117.221 0.166597 0.240716 -0.956191 791.4314 0 0 0 1
-0.595036 0.768168 -0.236327 -0.105109 0.753481 0.635505 0.16852 -0.0926683 0.279639 -0.0777926 -0.956949 0.563518 0 0 0 1
0.584434 0.740433 0.331958 1558.41 0.797224 -0.600192 -0.064836 93.18645 0.151232 0.302537 -0.941063 810.704 0 0 0 1
-0.734544 0.605452 -0.306388 -0.0405983 0.589727 0.792954 0.153121 -0.131397 0.335659 -0.0682113 -0.939511 0.581119 0 0 0 1
0.702993 0.604452 0.374753 1549.446 0.665697 -0.744701 -0.047616 54.82414 0.250297 0.282946 -0.925901 786.2975 0 0 0 1
-0.597792 0.748364 -0.287394 -0.0396145 0.707964 0.661019 0.248677 -0.108205 0.376074 -0.0548077 -0.924967 0.556209 0 0 0 1
0.524277 0.792844 0.310697 1587.043 0.834444 -0.551089 -0.001778 57.7027 0.169812 0.260192 -0.950507 782.8947 0 0 0 1
-0.78769 0.556166 -0.264997 -0.0349576 0.528525 0.831063 0.173193 -0.145793 0.316553 -0.0036352 -0.948568 0.533112 0 0 0 1
0.731892 0.602243 0.318807 1561.131 0.626899 -0.778468 0.031383 74.82209 0.267081 0.176891 -0.9473 778.8563 0 0 0 1
-0.59902 0.782204 -0.171263 -0.124936 0.732125 0.621643 0.278485 -0.124553 0.324296 0.0414323 -0.945048 0.527084 0 0 0 1
0.653514 0.705808 0.273413 1607.137 0.728173 -0.684845 0.027424 46.00892 0.206602 0.181169 -0.961506 775.4755 0 0 0 1
-0.701443 0.689249 -0.181421 -0.0739811 0.656112 0.723877 0.213354 -0.130148 0.27838 0.0306234 -0.959983 0.51509 0 0 0 1
0.44883 0.871586 0.197204 1627.516 0.874126 -0.474056 0.105711 -7.741177 0.185622 0.124935 -0.974646 801.5254 0 0 0 1
-0.869057 0.478863 -0.124218 -0.05607 0.452001 0.87065 0.194071 -0.141458 0.201084 0.112513 -0.973091 0.523728 0 0 0 1
0.779814 0.588612 0.213133 1658.152 0.57111 -0.80835 0.142843 -31.31927 0.256365 0.010331 -0.966525 804.7043 0 0 0 1
-0.585697 0.810493 -0.00775211 -0.0937975 0.780993 0.566886 0.26209 -0.118318 0.216816 0.147451 -0.965012 0.517322 0 0 0 1
0.883339 0.413796 0.220191 1681.301 0.384082 -0.90825 0.16602 -11.94188 0.268687 -0.06208 -0.961225 759.5922 0 0 0 1
-0.413457 0.907664 0.0721132 -0.136807 0.880638 0.378505 0.284976 -0.113226 0.231368 0.181331 -0.955818 0.457063 0 0 0 1
0.951038 0.275208 0.140669 1717.696 0.248062 -0.951156 0.18376 -63.91672 0.18437 -0.139868 -0.972854 755.1572 0 0 0 1
-0.272461 0.950125 0.151746 -0.118775 0.952048 0.24341 0.185355 -0.0599028 0.139174 0.194971 -0.970885 0.458679 0 0 0 1 
0.732267 0.629802 0.259105 1716.092 0.633454 -0.769591 0.080401 -41.56534 0.250041 0.105256 -0.962497 739.3238 0 0 0 1
-0.625174 0.77266 -0.110248 0.00756257 0.735567 0.630515 0.247774 -0.145308 0.260957 0.0738072 -0.962525 0.450976 0 0 0 1
0.951618 -0.076271 0.297666 1685.242 -0.11549 -0.986459 0.116454 -111.2298 0.284753 -0.145197 -0.947541 703.3683 0 0 0 1
0.0812764 0.986708 0.140721 -0.0482342 0.949457 -0.119598 0.290219 -0.0620383 0.303191 0.11002 -0.946557 0.424275 0 0 0 1
0.108965 -0.930972 0.348451 1672.546 -0.990122 -0.070534 0.121176 -107.3052 -0.088234 -0.358213 -0.929461 703.6479 0 0 0 1
0.923704 0.0663416 0.377318 -0.0750394 0.106198 -0.990636 -0.0858024 0.0969106 0.368093 0.119326 -0.9221 0.420074 0 0 0 1


# w2e
# c20
