-0.958594 -0.180847 -0.21998 1.932076 -0.183323 0.983009 -0.009283 -0.042769 0.217921 0.031429 -0.97546 0.618054 0 0 0 1
-0.967701 -0.161025 -0.193972 1.927719 -0.168938 0.985313 0.024858 -0.02623 0.18712 0.056825 -0.980692 0.594122 0 0 0 1
-0.974462 -0.129983 -0.183105 1.913415 -0.130672 0.991391 -0.008348 -0.042773 0.182614 0.015791 -0.983058 0.604614 0 0 0 1
-0.965479 -0.15714 -0.207742 1.903346 -0.161301 0.9869 0.003134 -0.058823 0.204528 0.036535 -0.978179 0.621015 0 0 0 1
-0.954243 -0.180981 -0.238047 1.938339 -0.200713 0.977734 0.061237 -0.037964 0.221664 0.106214 -0.969321 0.60955 0 0 0 1
-0.964558 -0.202373 -0.169332 1.933958 -0.194095 0.978876 -0.064264 -0.027223 0.17876 -0.02912 -0.983462 0.623827 0 0 0 1
-0.96536 -0.155558 -0.20948 1.950225 -0.169184 0.984382 0.048666 -0.046607 0.198638 0.082421 -0.976601 0.600073 0 0 0 1
-0.953287 -0.183913 -0.239623 1.963125 -0.168732 0.982196 -0.082583 -0.014284 0.250545 -0.038293 -0.967347 0.640846 0 0 0 1
-0.962183 -0.185272 -0.199695 1.963115 -0.186353 0.98239 -0.013536 -0.050909 0.198687 0.02419 -0.979765 0.658337 0 0 0 1
-0.948805 -0.20072 -0.243886 1.98316 -0.198406 0.97952 -0.034282 -0.084546 0.245773 0.015862 -0.969198 0.659887 0 0 0 1
-0.938775 -0.219476 -0.265578 1.98753 -0.234268 0.971852 0.024952 -0.074145 0.252626 0.085641 -0.963766 0.669306 0 0 0 1
-0.945899 -0.159606 -0.282491 1.979539 -0.171439 0.985039 0.017506 -0.068317 0.275471 0.064989 -0.95911 0.565475 0 0 0 1
-0.953419 -0.16115 -0.254996 1.958514 -0.145075 0.986118 -0.080772 -0.050757 0.264473 -0.040016 -0.963562 0.586251 0 0 0 1
-0.962697 0.16499 -0.214458 1.926755 0.15698 0.986125 0.053979 -0.066818 0.220388 0.0183 -0.975241 0.613326 0 0 0 1
-0.961268 0.100693 -0.256562 1.944496 0.103545 0.994622 0.002408 -0.081148 0.255424 -0.024251 -0.966525 0.613273 0 0 0 1
-0.986514 0.078427 -0.143666 1.893388 0.085277 0.995466 -0.042145 -0.065111 0.13971 -0.053828 -0.988728 0.613445 0 0 0 1
-0.911588 -0.392511 -0.12224 1.893331 -0.385559 0.919456 -0.077102 -0.075056 0.142658 -0.023155 -0.989501 0.613406 0 0 0 1
-0.98097 -0.157867 -0.113031 1.893363 -0.158004 0.987408 -0.007804 -0.0752 0.112839 0.010204 -0.993561 0.613444 0 0 0 1
-0.975008 -0.176438 -0.135014 1.879129 -0.158207 0.978047 -0.135627 -0.061163 0.15598 -0.110877 -0.981517 0.613459 0 0 0 1
-0.977647 -0.15829 -0.138384 1.859486 -0.131207 0.973612 -0.186721 0.044682 0.164289 -0.164391 -0.972618 0.581447 0 0 0 1
-0.971682 0.206541 -0.114785 1.854627 0.218149 0.970792 -0.099868 0.057889 0.090805 -0.12208 -0.988358 0.616451 0 0 0 1
-0.964919 0.247784 -0.086798 1.83444 0.252033 0.966814 -0.041837 -0.040931 0.073551 -0.062245 -0.995347 0.616508 0 0 0 1
-0.939018 0.337907 0.063755 1.760982 0.335492 0.940933 -0.045714 -0.061442 -0.075436 -0.021537 -0.996918 0.59544 0 0 0 1
-0.951517 0.30407 0.046437 1.770905 0.298695 0.949448 -0.096594 -0.016021 -0.073461 -0.078041 -0.99424 0.595416 0 0 0 1
-0.82009 0.572183 -0.007659 1.77088 0.570721 0.816874 -0.083631 -0.001532 -0.041596 -0.072956 -0.996467 0.628093 0 0 0 1
-0.815802 0.575501 0.057141 1.770292 0.575946 0.817427 -0.010002 -0.015662 -0.052464 0.02475 -0.998316 0.649474 0 0 0 1
-0.569541 0.820145 0.054644 1.770143 0.820133 0.571449 -0.02876 -0.003295 -0.054814 0.028435 -0.998092 0.649378 0 0 0 1
-0.407658 0.910982 0.062669 1.756336 0.911121 0.410355 -0.038298 -0.001699 -0.060605 0.041487 -0.997299 0.663435 0 0 0 1
-0.86212 0.505772 0.030721 1.802012 0.506669 0.861188 0.040521 -0.038916 -0.005962 0.0505 -0.998706 0.645502 0 0 0 1
-0.987773 0.154966 -0.017018 1.818006 0.15427 0.987351 0.0366 -0.052271 0.022474 0.033527 -0.999185 0.662445 0 0 0 1