depth: 452
parameters: 0
0.152478 -0.985754 0.0709831 0.126575 -0.981973 -0.159228 -0.101859 0.0347592 0.111711 -0.0541722 -0.992263 0.453492 0 0 0 1 

depth: 446
parameters: 1
0.186583 -0.981997 0.0294673 0.188463 -0.976477 -0.188666 -0.10439 0.0863738 0.10807 -0.00929681 -0.9941 0.444182 0 0 0 1 

depth: 438
parameters: 2
0.218614 -0.964491 -0.148206 0.0844468 -0.968428 -0.195795 -0.154307 0.101052 0.119809 0.17726 -0.976844 0.439708 0 0 0 1 

depth: 414
parameters: 3
0.245216 -0.942262 -0.228058 0.143717 -0.964546 -0.21345 -0.155207 0.0756735 0.0975669 0.258032 -0.961197 0.411863 0 0 0 1 

depth: 0
parameters: 4
0.170854 -0.94665 -0.273245 0.0943438 -0.982075 -0.14121 -0.124854 0.0661968 0.0796083 0.289679 -0.953808 0.360455 0 0 0 1 

depth: 0
parameters: 5
0.188101 -0.920792 -0.341702 0.0843208 -0.981785 -0.166801 -0.0909726 0.0555756 0.0267705 0.35259 -0.935395 0.389222 0 0 0 1 

depth: 0
parameters: 6
0.20359 -0.910152 -0.360796 0.138429 -0.978617 -0.200218 -0.0471405 0.0648945 -0.0293328 0.362678 -0.931453 0.385057 0 0 0 1 

depth: 413
parameters: 7
0.203179 -0.908894 -0.364185 0.0501005 -0.978601 -0.200859 -0.0446791 0.0892876 -0.0325411 0.365469 -0.930254 0.416003 0 0 0 1 

depth: 422
parameters: 8
0.259163 -0.873094 -0.412966 0.0928766 -0.96137 -0.274255 -0.0234914 0.0890531 -0.0927479 0.403102 -0.910443 0.42381 0 0 0 1 

depth: 407
parameters: 9
0.19651 -0.943669 -0.26622 0.062301 -0.979736 -0.178248 -0.0913561 0.0660501 0.0387566 0.278778 -0.959573 0.41087 0 0 0 1 

depth: 433
parameters: 10
0.252184 -0.9258 -0.281597 0.0867105 -0.964 -0.215001 -0.156455 0.0595896 0.084302 0.310915 -0.946692 0.435809 0 0 0 1 

depth: 0
parameters: 11
0.178693 -0.953325 -0.243394 0.0856539 -0.981994 -0.157394 -0.104471 0.0577231 0.0612863 0.25768 -0.964285 0.373629 0 0 0 1 

depth: 0
parameters: 12
0.123365 -0.964368 -0.234042 0.0939984 -0.989391 -0.101293 -0.104136 0.0863561 0.0767184 0.244406 -0.966633 0.351546 0 0 0 1 

depth: 0
parameters: 13
-0.176939 -0.952037 -0.249635 0.0797628 -0.975031 0.204136 -0.0874227 0.0523754 0.134189 0.227933 -0.964386 0.362924 0 0 0 1 

depth: 0
parameters: 14
-0.346083 -0.906445 -0.242041 0.0884316 -0.926185 0.371246 -0.0660095 0.0376931 0.149691 0.20133 -0.968018 0.360235 0 0 0 1 

depth: 1234
parameters: 15
-0.390434 -0.874293 -0.288398 0.121026 -0.910683 0.412703 -0.0182461 0.0067433 0.134975 0.255515 -0.957337 0.360169 0 0 0 1 

depth: 0
parameters: 16
-0.477815 -0.829749 -0.28846 0.119823 -0.86198 0.50616 -0.0281438 0.0133968 0.169359 0.2352 -0.957078 0.361143 0 0 0 1 

depth: 0
parameters: 17
-0.459811 -0.821521 -0.337161 0.0952349 -0.878597 0.476022 0.0383409 0.0202028 0.128998 0.313858 -0.940666 0.351811 0 0 0 1 

depth: 0
parameters: 18
-0.499925 -0.784581 -0.366752 0.119873 -0.854952 0.514706 0.0643021 0.0188693 0.138319 0.345702 -0.928094 0.36907 0 0 0 1 

depth: 0
parameters: 19
-0.404543 -0.837432 -0.367494 0.113032 -0.912867 0.393917 0.107251 0.0158518 0.0549466 0.378861 -0.923821 0.352456 0 0 0 1 

depth: 0
parameters: 20
-0.248848 -0.881092 -0.402184 0.101458 -0.963848 0.266118 0.0133713 0.0190771 0.095247 0.390972 -0.915461 0.349969 0 0 0 1 

depth: 563
parameters: 21
-0.0841586 -0.917201 -0.389434 0.121716 -0.99619 0.0684707 0.0540183 0.0488749 -0.0228808 0.392497 -0.919469 0.347448 0 0 0 1 

depth: 0
parameters: 22
-0.088139 -0.902527 -0.421517 0.0426049 -0.995371 0.096079 0.00241307 0.0845611 0.038321 0.419778 -0.906817 0.347391 0 0 0 1 

depth: 0
parameters: 23
-0.0576597 -0.993919 -0.0938084 0.107594 -0.988055 0.070264 -0.13715 0.0844708 0.142907 0.0847799 -0.986098 0.391117 0 0 0 1 

depth: 0
parameters: 24
-0.0572066 -0.997972 0.0279159 0.117724 -0.985857 0.0520562 -0.159298 0.0790965 0.157521 -0.0366339 -0.986836 0.385016 0 0 0 1 

depth: 395
parameters: 25
-1.41093e-05 -0.997272 0.0738186 0.0873489 -0.983016 -0.0135334 -0.183021 0.0726207 0.18352 -0.0725674 -0.980334 0.396377 0 0 0 1 

depth: 0
parameters: 26
-0.14264 -0.988057 0.0582841 0.124532 -0.970487 0.12805 -0.204348 0.0598393 0.194444 -0.0857122 -0.977162 0.38732 0 0 0 1 

depth: 0
parameters: 27
-0.179302 -0.983302 0.0311203 0.109035 -0.961916 0.168593 -0.21516 0.000844499 0.206321 -0.0685138 -0.976083 0.328009 0 0 0 1 

depth: 0
parameters: 28
-0.139297 -0.985488 0.097004 0.118383 -0.954488 0.107532 -0.278191 0.0284608 0.263722 -0.13134 -0.955615 0.33518 0 0 0 1 

depth: 0
parameters: 29
-0.171671 -0.965734 0.194645 0.110606 -0.950658 0.110569 -0.289867 0.0284097 0.258413 -0.234803 -0.937065 0.34653 0 0 0 1 

depth: 0
parameters: 30
-0.204848 -0.9328 0.296516 0.0770569 -0.941746 0.105275 -0.319425 0.0594024 0.266744 -0.344677 -0.900025 0.326326 0 0 0 1 

depth: 0
parameters: 31
-0.217842 -0.940494 0.260798 0.0720396 -0.954327 0.149283 -0.258794 0.0580511 0.204462 -0.305262 -0.930059 0.365958 0 0 0 1 

depth: 419
parameters: 32
-0.384822 -0.886338 0.25752 0.0547687 -0.910199 0.31813 -0.265201 0.0299549 0.153133 -0.336449 -0.929167 0.420014 0 0 0 1 

depth: 418
parameters: 33
-0.157834 -0.95735 0.242012 0.106428 -0.979319 0.120341 -0.162644 0.054702 0.126583 -0.262677 -0.956545 0.418425 0 0 0 1 

depth: 400
parameters: 34
-0.121909 -0.968864 0.215499 0.112732 -0.985852 0.0930334 -0.139432 0.0766312 0.115042 -0.229449 -0.966498 0.399819 0 0 0 1 

depth: 403
parameters: 35
-0.0819494 -0.973116 0.215244 0.0321723 -0.994815 0.066817 -0.0766751 0.0647672 0.0602318 -0.220411 -0.973546 0.404528 0 0 0 1 

depth: 397
parameters: 36
-0.0211675 -0.985425 0.168787 0.0651297 -0.998676 0.0287581 0.0426543 0.0467495 -0.0468866 -0.16766 -0.984729 0.400308 0 0 0 1 

depth: 426
parameters: 37
0.0390569 -0.985923 0.162572 0.0611512 -0.995209 -0.0237883 0.0948277 0.0638688 -0.0896255 -0.165497 -0.982129 0.429612 0 0 0 1 

depth: 449
parameters: 38
0.202881 -0.965687 0.162136 0.0565667 -0.978674 -0.194531 0.0659847 0.118822 -0.0321802 -0.172065 -0.98456 0.449774 0 0 0 1 

depth: 467
parameters: 39
0.252196 -0.962683 0.0981806 0.0947357 -0.963943 -0.241023 0.112793 0.0964307 -0.0849201 -0.123086 -0.988756 0.467667 0 0 0 1 

depth: 445
parameters: 40
0.252853 -0.967211 0.0238416 0.0870715 -0.96331 -0.249388 0.0991947 0.0952944 -0.0899964 -0.0480485 -0.994782 0.446435 0 0 0 1 

depth: 423
parameters: 41
0.160161 -0.985087 -0.0628664 0.160886 -0.961518 -0.170098 0.215754 0.111013 -0.22323 0.0258918 -0.974422 0.421616 0 0 0 1 

depth: 441
parameters: 42
0.172665 -0.973895 0.147364 0.0783705 -0.951016 -0.125885 0.28235 0.0678581 -0.256428 -0.188897 -0.947925 0.443683 0 0 0 1 

depth: 425
parameters: 43
0.186025 -0.976832 0.105803 0.0904979 -0.915903 -0.133417 0.378578 0.0770484 -0.355692 -0.16733 -0.919502 0.427639 0 0 0 1 

depth: 430
parameters: 44
0.0779409 -0.995703 0.0500041 0.146113 -0.920221 -0.0525545 0.387854 0.0815726 -0.383559 -0.0762445 -0.920364 0.430244 0 0 0 1 

depth: 472
parameters: 45
0.126404 -0.990879 0.0466983 0.107044 -0.852363 -0.0844116 0.516093 0.0754235 -0.507444 -0.10504 -0.855258 0.474665 0 0 0 1 

depth: 488
parameters: 46
0.153438 -0.988158 -0.000885324 0.0509139 -0.828458 -0.129129 0.544961 0.0509309 -0.538622 -0.0828843 -0.838461 0.491381 0 0 0 1 

depth: 406
parameters: 47
0.173876 -0.984147 0.0349645 0.0733866 -0.91677 -0.148803 0.370661 0.054701 -0.359582 -0.0965034 -0.92811 0.40873 0 0 0 1 

depth: 0
parameters: 48
0.141374 -0.989932 -0.00699582 0.0817784 -0.938759 -0.136302 0.316469 0.0795834 -0.314236 -0.038173 -0.948577 0.385282 0 0 0 1 

depth: 0
parameters: 49
0.145352 -0.989231 -0.0171818 0.0958992 -0.970702 -0.145945 0.190886 0.0566969 -0.191338 -0.0110672 -0.981462 0.336754 0 0 0 1 

depth: 0
parameters: 0
0.175275 -0.984035 -0.0308932 0.107486 -0.960685 -0.17781 0.213232 0.0775959 -0.215321 -0.0076956 -0.976513 0.36708 0 0 0 1 

depth: 0
parameters: 1
0.153824 -0.985947 -0.0651658 0.139495 -0.970686 -0.163111 0.176532 0.0962804 -0.184681 0.0361007 -0.982135 0.336445 0 0 0 1 

depth: 460
parameters: 2
0.123984 -0.992177 -0.0145757 0.110873 -0.976485 -0.124607 0.175927 0.0775638 -0.176367 -0.00757922 -0.984295 0.347676 0 0 0 1 

depth: 0
parameters: 3
0.152399 -0.987835 -0.030937 0.102819 -0.965814 -0.155498 0.207422 0.0526513 -0.209709 -0.00173141 -0.977762 0.362818 0 0 0 1 

depth: 0
parameters: 4
0.173195 -0.977957 -0.116632 0.146868 -0.957191 -0.195026 0.213892 0.085245 -0.231924 0.0745945 -0.96987 0.35221 0 0 0 1 

depth: 0
parameters: 5
0.197421 -0.979567 0.0383846 0.0883057 -0.968127 -0.188661 0.164732 0.102984 -0.154125 -0.0696828 -0.985591 0.373758 0 0 0 1 

depth: 0
parameters: 6
0.148219 -0.984793 -0.0906268 0.129 -0.968889 -0.162967 0.186269 0.10756 -0.198206 0.0601985 -0.97831 0.345581 0 0 0 1 

depth: 403
parameters: 7
0.179678 -0.9826 0.0470483 0.0935055 -0.956758 -0.16343 0.240636 0.0886774 -0.228759 -0.0882506 -0.969475 0.404185 0 0 0 1 

depth: 412
parameters: 8
0.180089 -0.98348 -0.0182872 0.0901405 -0.96542 -0.180284 0.188312 0.108896 -0.188498 -0.0162581 -0.981939 0.411861 0 0 0 1 

depth: 420
parameters: 9
0.198943 -0.979988 0.00667601 0.045171 -0.950041 -0.191183 0.246722 0.0933887 -0.240508 -0.0554261 -0.969063 0.422305 0 0 0 1 

depth: 430
parameters: 10
0.214646 -0.973488 -0.0790454 0.0885363 -0.941643 -0.227751 0.247868 0.0934868 -0.259299 0.0212288 -0.965564 0.431275 0 0 0 1 

depth: 0
parameters: 11
0.155304 -0.9862 -0.0573529 0.0917041 -0.949991 -0.165019 0.265116 0.101209 -0.270922 0.0133112 -0.962509 0.328979 0 0 0 1 

depth: 0
parameters: 12
0.159065 -0.985375 0.0611046 0.0644312 -0.955129 -0.137928 0.262117 0.0830188 -0.249856 -0.100056 -0.9631 0.348202 0 0 0 1 

depth: 0
parameters: 13
-0.171036 -0.985112 -0.0173564 0.131334 -0.962305 0.163243 0.217534 0.0491588 -0.211462 0.0539083 -0.975898 0.356018 0 0 0 1 

depth: 0
parameters: 14
-0.102731 -0.993717 0.0444247 0.0883346 -0.960882 0.110686 0.25388 0.053405 -0.257202 -0.0166056 -0.966215 0.367255 0 0 0 1 

depth: 0
parameters: 15
-0.0808557 -0.993498 0.0801557 0.0820238 -0.986586 0.0912155 0.135377 0.0633756 -0.141808 -0.0681345 -0.987547 0.354286 0 0 0 1 

depth: 0
parameters: 16
0.390263 -0.919283 0.0511163 0.0271837 -0.91275 -0.379013 0.152434 0.0764809 -0.120756 -0.106146 -0.986991 0.353178 0 0 0 1 

depth: 0
parameters: 17
0.15382 -0.988045 0.0102899 0.0750098 -0.982744 -0.151896 0.105553 0.0887849 -0.102728 -0.0263486 -0.99436 0.350069 0 0 0 1 

depth: 0
parameters: 18
0.174007 -0.974858 0.139189 0.0286716 -0.975917 -0.151833 0.156629 0.0551715 -0.131558 -0.163091 -0.9778 0.352706 0 0 0 1 

depth: 0
parameters: 19
0.154261 -0.973116 0.171022 0.116207 -0.978833 -0.126956 0.160525 0.0494427 -0.134497 -0.192164 -0.972103 0.337102 0 0 0 1 

depth: 0
parameters: 20
-0.213211 -0.970165 0.115414 0.174207 -0.970509 0.223911 0.0893111 0.0132989 -0.112489 -0.0929684 -0.989294 0.362918 0 0 0 1 

depth: 0
parameters: 21
-0.252684 -0.96424 0.0799503 0.105327 -0.96334 0.258423 0.0720675 0.0202759 -0.0901514 -0.0588091 -0.99419 0.349283 0 0 0 1 

depth: 0
parameters: 22
-0.345061 -0.937233 0.0502721 0.0855647 -0.936237 0.339924 -0.0889449 0.0218585 0.0662734 -0.077758 -0.994767 0.324231 0 0 0 1 

depth: 0
parameters: 23
-0.310735 -0.945501 0.0973245 0.105794 -0.949303 0.303583 -0.0816191 0.0188291 0.0476248 -0.117752 -0.9919 0.329022 0 0 0 1 

depth: 0
parameters: 24
-0.576463 -0.81207 0.0907345 0.102573 -0.816997 0.574759 -0.0465547 -0.0315022 -0.0143447 -0.100967 -0.994786 0.363006 0 0 0 1 

depth: 0
parameters: 25
-0.58033 -0.813813 -0.0304283 0.140423 -0.811668 0.58104 -0.0598916 -0.0180575 0.0664206 -0.0100592 -0.997741 0.374561 0 0 0 1 

depth: 0
parameters: 26
-0.823742 -0.566153 -0.030331 0.122228 -0.563657 0.823534 -0.0638919 -0.0521844 0.0611512 -0.0355342 -0.997496 0.377468 0 0 0 1 

depth: 0
parameters: 27
-0.913787 -0.404446 -0.0376401 0.0982385 -0.401272 0.913212 -0.0708812 -0.0656426 0.063041 -0.0496664 -0.996774 0.393971 0 0 0 1 

depth: 0
parameters: 28
-0.511298 -0.85731 -0.0599486 0.154818 -0.858428 0.512797 -0.0118976 0.00394742 0.0409414 0.0453783 -0.998131 0.364539 0 0 0 1 

depth: 0
parameters: 29
-0.161364 -0.986187 -0.0373834 0.136354 -0.986846 0.160861 0.0161154 0.039987 -0.00987925 0.0394921 -0.999171 0.384952 0 0 0 1 
