-0.981309 -0.158222 0.109536 1.709128 -0.164232 0.985245 -0.048157 -0.007232 -0.1003 -0.065247 -0.992816 0.717304 0 0 0 1
-0.977519 -0.190882 0.089562 1.757382 -0.193735 0.980755 -0.024236 0.048944 -0.083212 -0.041042 -0.995686 0.717207 0 0 0 1
-0.968497 -0.225014 0.106685 1.779701 -0.202453 0.960916 0.188821 -0.176402 -0.145003 0.161274 -0.976199 0.717091 0 0 0 1
-0.96486 -0.249592 0.082156 1.755948 -0.22195 0.941492 0.253635 -0.157018 -0.140654 0.226488 -0.963805 0.698767 0 0 0 1
-0.981474 -0.177831 0.071316 1.773972 -0.149119 0.942701 0.298459 -0.219183 -0.120304 0.282295 -0.951754 0.629618 0 0 0 1
-0.980527 -0.195261 0.020969 1.78933 -0.17463 0.915775 0.361746 -0.272634 -0.089838 0.35104 -0.932041 0.643225 0 0 0 1
-0.976994 -0.209876 -0.03789 1.818085 -0.209241 0.908921 0.360667 -0.219211 -0.041256 0.360297 -0.931925 0.66119 0 0 0 1
-0.97713 -0.208605 -0.041252 1.863127 -0.208549 0.902216 0.37751 -0.314177 -0.041532 0.377479 -0.925086 0.652015 0 0 0 1
-0.959011 -0.265596 -0.098774 1.883348 -0.282478 0.868421 0.407495 -0.292718 -0.022451 0.418694 -0.90785 0.667259 0 0 0 1
-0.978561 -0.203258 0.033245 1.79611 -0.184744 0.937605 0.294563 -0.259869 -0.091043 0.282106 -0.955054 0.667538 0 0 0 1
-0.962586 -0.259518 0.077959 1.754623 -0.2223 0.920805 0.32047 -0.259889 -0.154953 0.29115 -0.944045 0.694786 0 0 0 1
-0.980853 -0.186219 0.057004 1.773259 -0.164491 0.948873 0.269413 -0.216135 -0.104259 0.254878 -0.961336 0.641382 0 0 0 1
-0.989436 -0.129133 0.065884 1.800455 -0.108641 0.961401 0.252797 -0.192932 -0.095985 0.242969 -0.965274 0.62765 0 0 0 1
-0.977739 0.169942 0.123067 1.749446 0.196273 0.948117 0.250103 -0.2222 -0.074179 0.26869 -0.960366 0.627745 0 0 0 1
-0.930431 0.339259 0.138569 1.736259 0.363183 0.904143 0.224999 -0.20278 -0.048954 0.259672 -0.964455 0.627773 0 0 0 1
-0.914301 0.384444 0.127499 1.727974 0.404909 0.875404 0.264038 -0.183922 -0.010106 0.293036 -0.956048 0.635097 0 0 0 1
-0.86685 0.472348 0.159556 1.724146 0.49834 0.830579 0.248589 -0.182856 -0.015104 0.295002 -0.955377 0.635092 0 0 0 1
-0.88284 0.453686 0.121499 1.737891 0.466951 0.820034 0.330909 -0.246109 0.050496 0.348874 -0.935808 0.610916 0 0 0 1
-0.859219 0.494668 0.130563 1.744161 0.506074 0.784346 0.358734 -0.248122 0.075047 0.374305 -0.924264 0.632289 0 0 0 1
-0.915712 0.39897 0.047906 1.774894 0.38498 0.836877 0.389136 -0.258175 0.115162 0.374779 -0.919934 0.61276 0 0 0 1
-0.966196 0.242034 0.088795 1.743757 0.257107 0.879229 0.401064 -0.271597 0.019 0.410336 -0.911736 0.604 0 0 0 1
-0.996546 0.077598 -0.029556 1.824382 0.059555 0.915966 0.396813 -0.249882 0.057865 0.393682 -0.917424 0.6107 0 0 0 1
-0.996201 0.083171 0.025806 1.825933 0.086051 0.894715 0.438269 -0.346601 0.013362 0.438824 -0.898473 0.569666 0 0 0 1
-0.991386 0.051448 0.120448 1.776547 0.063375 0.993227 0.097385 -0.114603 -0.114622 0.104179 -0.987931 0.674157 0 0 0 1
-0.989729 0.050273 0.133826 1.765022 0.047026 0.99852 -0.027316 -0.03509 -0.135002 -0.020742 -0.990628 0.662135 0 0 0 1
-0.986042 -0.008649 0.166271 1.734748 -0.017299 0.998567 -0.050645 -0.048558 -0.165594 -0.052815 -0.984779 0.668688 0 0 0 1
-0.974773 0.135418 0.177425 1.72886 0.123497 0.989381 -0.076642 -0.004602 -0.18592 -0.052797 -0.981145 0.655354 0 0 0 1
-0.963068 0.171118 0.207893 1.668176 0.163484 0.985094 -0.053497 -0.028414 -0.213949 -0.017534 -0.976688 0.586047 0 0 0 1
-0.95778 0.13111 0.255867 1.668091 0.103302 0.987469 -0.119304 0.009527 -0.268303 -0.087835 -0.959322 0.586021 0 0 0 1
-0.954023 0.162572 0.251816 1.668051 0.107574 0.969868 -0.218593 0.051751 -0.279765 -0.181454 -0.942765 0.582737 0 0 0 1
-0.946902 0.193668 0.256649 1.695287 0.105066 0.940794 -0.322285 0.060263 -0.30387 -0.278208 -0.911188 0.562102 0 0 0 1
-0.959028 0.207012 0.193421 1.716646 0.148482 0.948698 -0.279149 0.045065 -0.241285 -0.238992 -0.940566 0.612775 0 0 0 1
-0.916655 0.374356 0.140003 1.707696 0.31865 0.895958 -0.309388 0.063394 -0.241258 -0.238991 -0.940573 0.66163 0 0 0 1
-0.982191 0.149404 0.113922 1.752866 0.117676 0.96187 -0.246899 0.076355 -0.146466 -0.229096 -0.962322 0.661572 0 0 0 1
-0.988582 0.113178 0.099478 1.78349 0.089784 0.972625 -0.214333 0.059557 -0.121012 -0.202954 -0.971682 0.651616 0 0 0 1
-0.996209 0.073099 0.047165 1.792212 0.063442 0.981425 -0.181055 -0.033872 -0.059524 -0.177376 -0.982341 0.673936 0 0 0 1
-0.99848 0.015889 -0.052774 1.830508 0.022915 0.990536 -0.135324 -0.025278 0.050125 -0.136327 -0.989395 0.663592 0 0 0 1
-0.994836 -0.042358 -0.092233 1.870712 -0.029361 0.990001 -0.137967 -0.021472 0.097155 -0.134547 -0.986133 0.687979 0 0 0 1
-0.976814 -0.208721 -0.047645 1.895893 -0.199449 0.968077 -0.151814 0.003368 0.077811 -0.138791 -0.98726 0.707011 0 0 0 1
-0.96093 -0.257846 -0.100646 1.895949 -0.245472 0.961877 -0.120566 0.022151 0.127897 -0.09115 -0.98759 0.719614 0 0 0 1
-0.960635 -0.258246 -0.102419 1.895954 -0.255002 0.965947 -0.043821 -0.032997 0.110248 -0.015979 -0.993776 0.707936 0 0 0 1
-0.95831 -0.168819 -0.230527 1.973942 -0.175698 0.984398 0.00949 0.005004 0.225328 0.049598 -0.97302 0.667985 0 0 0 1
-0.948543 -0.176128 -0.263146 1.969635 -0.131069 0.974886 -0.180053 0.02695 0.28825 -0.136297 -0.947805 0.667429 0 0 0 1
-0.912977 -0.189701 -0.361228 2.026431 -0.138869 0.976958 -0.162075 0.026922 0.383651 -0.097807 -0.918284 0.627277 0 0 0 1
-0.917706 -0.0844 -0.388191 2.048059 -0.057271 0.995071 -0.080955 0.031694 0.39311 -0.052061 -0.918016 0.627227 0 0 0 1
-0.848569 -0.129887 -0.512894 2.133548 -0.090497 0.990744 -0.101174 0.010486 0.521288 -0.039438 -0.852469 0.623708 0 0 0 1
-0.826797 -0.155095 -0.540696 2.146383 -0.135227 0.987851 -0.076578 -0.059362 0.546004 0.009802 -0.837726 0.644371 0 0 0 1
-0.915416 -0.175486 -0.36224 2.003816 -0.154578 0.984216 -0.086167 -0.037619 0.371644 -0.022885 -0.928093 0.628822 0 0 0 1
-0.936112 -0.144486 -0.320654 1.996771 -0.143116 0.989311 -0.027969 -0.059472 0.321267 0.019708 -0.946783 0.612459 0 0 0 1
-0.970122 -0.150383 -0.190388 1.895464 -0.152748 0.988263 -0.002278 -0.062764 0.188496 0.026871 -0.981706 0.596895 0 0 0 1
-0.958594 -0.180847 -0.21998 1.932076 -0.183323 0.983009 -0.009283 -0.042769 0.217921 0.031429 -0.97546 0.618054 0 0 0 1
-0.967701 -0.161025 -0.193972 1.927719 -0.168938 0.985313 0.024858 -0.02623 0.18712 0.056825 -0.980692 0.594122 0 0 0 1
-0.974462 -0.129983 -0.183105 1.913415 -0.130672 0.991391 -0.008348 -0.042773 0.182614 0.015791 -0.983058 0.604614 0 0 0 1
-0.965479 -0.15714 -0.207742 1.903346 -0.161301 0.9869 0.003134 -0.058823 0.204528 0.036535 -0.978179 0.621015 0 0 0 1
-0.954243 -0.180981 -0.238047 1.938339 -0.200713 0.977734 0.061237 -0.037964 0.221664 0.106214 -0.969321 0.60955 0 0 0 1
-0.964558 -0.202373 -0.169332 1.933958 -0.194095 0.978876 -0.064264 -0.027223 0.17876 -0.02912 -0.983462 0.623827 0 0 0 1
-0.96536 -0.155558 -0.20948 1.950225 -0.169184 0.984382 0.048666 -0.046607 0.198638 0.082421 -0.976601 0.600073 0 0 0 1
-0.953287 -0.183913 -0.239623 1.963125 -0.168732 0.982196 -0.082583 -0.014284 0.250545 -0.038293 -0.967347 0.640846 0 0 0 1
-0.962183 -0.185272 -0.199695 1.963115 -0.186353 0.98239 -0.013536 -0.050909 0.198687 0.02419 -0.979765 0.658337 0 0 0 1
-0.948805 -0.20072 -0.243886 1.98316 -0.198406 0.97952 -0.034282 -0.084546 0.245773 0.015862 -0.969198 0.659887 0 0 0 1
-0.938775 -0.219476 -0.265578 1.98753 -0.234268 0.971852 0.024952 -0.074145 0.252626 0.085641 -0.963766 0.669306 0 0 0 1
-0.945899 -0.159606 -0.282491 1.979539 -0.171439 0.985039 0.017506 -0.068317 0.275471 0.064989 -0.95911 0.565475 0 0 0 1
-0.953419 -0.16115 -0.254996 1.958514 -0.145075 0.986118 -0.080772 -0.050757 0.264473 -0.040016 -0.963562 0.586251 0 0 0 1
-0.962697 0.16499 -0.214458 1.926755 0.15698 0.986125 0.053979 -0.066818 0.220388 0.0183 -0.975241 0.613326 0 0 0 1
-0.961268 0.100693 -0.256562 1.944496 0.103545 0.994622 0.002408 -0.081148 0.255424 -0.024251 -0.966525 0.613273 0 0 0 1
-0.986514 0.078427 -0.143666 1.893388 0.085277 0.995466 -0.042145 -0.065111 0.13971 -0.053828 -0.988728 0.613445 0 0 0 1
-0.911588 -0.392511 -0.12224 1.893331 -0.385559 0.919456 -0.077102 -0.075056 0.142658 -0.023155 -0.989501 0.613406 0 0 0 1
-0.98097 -0.157867 -0.113031 1.893363 -0.158004 0.987408 -0.007804 -0.0752 0.112839 0.010204 -0.993561 0.613444 0 0 0 1
-0.975008 -0.176438 -0.135014 1.879129 -0.158207 0.978047 -0.135627 -0.061163 0.15598 -0.110877 -0.981517 0.613459 0 0 0 1
-0.977647 -0.15829 -0.138384 1.859486 -0.131207 0.973612 -0.186721 0.044682 0.164289 -0.164391 -0.972618 0.581447 0 0 0 1
-0.971682 0.206541 -0.114785 1.854627 0.218149 0.970792 -0.099868 0.057889 0.090805 -0.12208 -0.988358 0.616451 0 0 0 1
-0.964919 0.247784 -0.086798 1.83444 0.252033 0.966814 -0.041837 -0.040931 0.073551 -0.062245 -0.995347 0.616508 0 0 0 1
-0.939018 0.337907 0.063755 1.760982 0.335492 0.940933 -0.045714 -0.061442 -0.075436 -0.021537 -0.996918 0.59544 0 0 0 1
-0.951517 0.30407 0.046437 1.770905 0.298695 0.949448 -0.096594 -0.016021 -0.073461 -0.078041 -0.99424 0.595416 0 0 0 1
-0.82009 0.572183 -0.007659 1.77088 0.570721 0.816874 -0.083631 -0.001532 -0.041596 -0.072956 -0.996467 0.628093 0 0 0 1
-0.815802 0.575501 0.057141 1.770292 0.575946 0.817427 -0.010002 -0.015662 -0.052464 0.02475 -0.998316 0.649474 0 0 0 1
-0.569541 0.820145 0.054644 1.770143 0.820133 0.571449 -0.02876 -0.003295 -0.054814 0.028435 -0.998092 0.649378 0 0 0 1
-0.407658 0.910982 0.062669 1.756336 0.911121 0.410355 -0.038298 -0.001699 -0.060605 0.041487 -0.997299 0.663435 0 0 0 1
-0.86212 0.505772 0.030721 1.802012 0.506669 0.861188 0.040521 -0.038916 -0.005962 0.0505 -0.998706 0.645502 0 0 0 1
-0.987773 0.154966 -0.017018 1.818006 0.15427 0.987351 0.0366 -0.052271 0.022474 0.033527 -0.999185 0.662445 0 0 0 1
