-0.92882816 0.23486555 0.28655964 1423.53 0.31402966 0.90948059 0.27245263 149.10 -0.19663069 0.3430499 -0.91850592 1038.91 0 0 0 1
-0.296348 -0.904949 -0.305361 15.158 -0.908233 0.365925 -0.203008 -8.74062 0.295451 0.217178 -0.930345 833.165 0 0 0 1
-0.95818676 0.14805811 0.24486106 1459.65 0.1919864 0.96717688 0.16646355 251.61 -0.21217767 0.20651316 -0.95516122 1026.28 0 0 0 1
-0.1936 -0.964511 -0.17955 27.9036 -0.948879 0.230587 -0.215541 -29.4282 0.249293 0.128643 -0.959846 787.43 0 0 0 1
-0.93096045 0.17486734 0.32052154 1419.42 0.24788342 0.94724123 0.20319415 229.23 -0.2680792 0.26861769 -0.92519083 990.30 0 0 0 1
-0.229221 -0.944825 -0.234016 31.8686 -0.916251 0.290589 -0.275757 -2.72105 0.328545 0.151208 -0.932306 770.871 0 0 0 1
-0.96187829 0.19120695 -0.19552507 1892.09 0.17705836 0.98029309 0.08761158 230.67 0.20842382 0.04965233 -0.97677744 990.02 0 0 0 1
-0.111482 -0.977773 -0.177573 45.886 -0.976392 0.0745031 0.202749 0.490741 -0.185013 0.195984 -0.962996 726.038 0 0 0 1
-0.96571273 0.19806736 -0.16783398 1879.61 0.17950734 0.97647261 0.11949204 264.49 0.18755275 0.08526755 -0.97854658 946.82 0 0 0 1
-0.14321 -0.972194 -0.185281 77.5536 -0.977032 0.10903 0.183086 17.5205 -0.157794 0.207245 -0.965479 674.181 0 0 0 1

# w2e
# c20
