w2e: 0.825952 -0.449016 0.340863 1333.141564 -0.560582 -0.590266 0.580804 590.274113 -0.059591 -0.670798 -0.739242 1411.345366 0 0 0 1
c20: 0.632785 -0.774227 0.012484 -437.821963 -0.725022 -0.598076 -0.341537 -419.751162 0.271894 0.207068 -0.939785 1626.847207 0 0 0 1
w2e: 0.368935 -0.559965 0.74184 1665.992968 -0.902419 -0.024699 0.430151 203.501115 -0.222546 -0.828148 -0.514435 1560.097337 0 0 0 1
c20: 0.080139 -0.971324 -0.223847 -922.085471 -0.851718 0.049938 -0.521615 763.34306 0.517836 0.232457 -0.823292 1643.584736 0 0 0 1
w2e: 0.657494 -0.531606 0.533945 1753.892084 -0.743928 -0.570393 0.348171 -33.977318 0.119469 -0.626136 -0.770507 1619.826577 0 0 0 1
c20: 0.411207 -0.889644 0.198602 -1684.401403 -0.825054 -0.455881 -0.333855 -212.509977 0.387551 -0.026574 -0.921465 1449.041061 0 0 0 1
w2e: 0.883193 -0.099503 0.458333 1567.820108 -0.317789 -0.845672 0.428775 1012.429449 0.344935 -0.524345 -0.778513 1032.175065 0 0 0 1
c20: 0.716426 -0.547174 0.432822 -550.835093 -0.461877 -0.836955 -0.293559 -236.053706 0.52288 0.010402 -0.852343 988.025335 0 0 0 1
w2e: 0.687163 -0.633715 0.355264 1827.658444 -0.705815 -0.466462 0.533141 1050.959298 -0.172142 -0.617105 -0.767821 1116.238826 0 0 0 1
c20: 0.466229 -0.881101 -0.079324 -336.161585 -0.863839 -0.434079 -0.255653 98.665247 0.190823 0.187716 -0.963509 1138.303168 0 0 0 1